fcode,year,month,obs_dengue_cases,severe_dengue_cases,pop_total,pop_density,ws_avg,ws_max,ws_min,t2m_avg,t2m_max,t2m_min,rh_avg,rh_max,rh_min,tp_accum
ED_AN_GIANG_AN_PHU_DISTRICT,2008,1,15,0,191174.0,879.082172253644,2.04827845806452,3.27305611612903,0.848244518225806,300.010231290323,304.543813548387,295.698760645161,67.3739909354839,90.6210005806452,46.0530808064516,0.0012958370821032
ED_AN_GIANG_CHAU_DOC_CITY,2008,1,5,1,119167.0,1138.40407340536,2.06075232903226,3.24955061935484,0.863896853032258,299.829956774194,304.250370645161,295.65573483871,69.1431752903226,91.0288571612903,48.197998,0.001147909271329
ED_AN_GIANG_CHAU_PHU_DISTRICT,2008,1,33,7,254480.0,564.2476978215,2.07627483548387,3.26512670645161,0.869029351290323,299.762034193548,304.198055483871,295.629109677419,69.3690403870968,91.459687,48.2973264516129,0.000860603590758
ED_AN_GIANG_CHAU_THANH_DISTRICT,2008,1,28,2,179518.0,505.597629703065,2.08252602258065,3.27613282580645,0.89522649483871,299.627657741935,303.982661935484,295.635288709677,70.6687121935484,91.6684171612903,49.760937516129,0.0008202406678967
ED_AN_GIANG_CHO_MOI_DISTRICT,2008,1,28,3,342312.0,926.120470440802,2.11695836774194,3.29861139032258,0.907859118387097,299.540167096774,303.841133870968,295.630959354839,71.8432750645161,92.5173459032258,50.7880005806452,0.0006575580367645
ED_AN_GIANG_LONG_XUYEN_CITY,2008,1,56,1,278804.0,2625.52029381298,2.09783852580645,3.26262723870968,0.924786012258064,299.501213225806,303.79668,295.653069354839,71.9705406129032,92.2754929677419,51.0995521290323,0.0007566131791354
ED_AN_GIANG_PHU_TAN_DISTRICT,2008,1,15,3,231089.0,734.899030052473,2.07117211612903,3.25657622258064,0.866256349354839,299.892292258065,304.373444193548,295.635132903226,68.618547,91.3369128709677,47.3859053548387,0.0008325930092645
ED_AN_GIANG_TAN_CHAU_TOWN,2008,1,23,1,179250.0,1011.7652636855,2.0684614483871,3.28526618064516,0.841979988870968,300.078273225806,304.649974193548,295.717734516129,67.4849500967742,91.2125489032258,45.9528491290323,0.0010691498968258
ED_AN_GIANG_THOAI_SON_DISTRICT,2008,1,11,1,192462.0,410.611528749335,2.11900588064516,3.32836587419355,0.909102249677419,299.491751935484,303.775282903226,295.716267741935,71.8091623225806,91.7632222258065,51.029175516129,0.001049935924729
ED_AN_GIANG_TINH_BIEN_DISTRICT,2008,1,8,1,125547.0,353.15611814346,2.08747406774194,3.29464620322581,0.895781159354839,299.538115806452,303.961627419355,295.528783225806,69.7241307419355,91.4915997096774,48.4972774193548,0.0011010226585645
ED_AN_GIANG_TRI_TON_DISTRICT,2008,1,2,0,127426.0,212.962313027492,2.17014623548387,3.42082114516129,0.947257474516129,299.651821935484,304.051252580645,295.772018387097,70.2422836129032,91.2226707419355,48.8612445483871,0.0011264221171225
ED_BAC_LIEU_BAC_LIEU_CITY,2008,1,58,15,145962.0,834.020913090681,3.90432616129032,5.12750754516129,2.63781106806452,298.762399032258,301.712548387097,296.651709354839,79.4191939032258,90.4364499677419,64.1226219677419,0.0018822445101548
ED_BAC_LIEU_DONG_HAI_DISTRICT,2008,1,10,3,141896.0,248.940350877193,3.76387875483871,5.06147362903226,2.46042163129032,298.911709032258,302.038141612903,296.737554193548,79.8480979677419,91.7903560645161,62.8846047419355,0.0020532995723322
ED_BAC_LIEU_GIA_RAI_TOWN,2008,1,15,9,134839.0,379.806771449496,3.07315774193548,4.30449784193548,1.85088246967742,299.006340967742,302.808641612903,296.248804516129,77.9597687096774,92.5446167096774,58.1979428387097,0.0017907355773806
ED_BAC_LIEU_HONG_DAN_DISTRICT,2008,1,4,2,104196.0,245.751079034883,2.47403775806452,3.64640218064516,1.34462378741935,299.170608387097,303.605874193548,295.652623225806,75.1812847419355,93.3487322903226,53.2628246129032,0.0014707164457709
ED_BAC_LIEU_PHUOC_LONG_DISTRICT,2008,1,6,3,116955.0,279.128878281623,2.69983699354839,3.90317698709677,1.52603958870968,299.088649354839,303.348945483871,295.874228709677,76.4346481612903,93.1104893548387,54.9434072580645,0.0015944121281225
ED_BAC_LIEU_VINH_LOI_DISTRICT,2008,1,30,6,203699.0,666.500425013974,3.39014790967742,4.61447311451613,2.15753290580645,298.865448225806,302.312143870968,296.34379016129,78.5914900483871,91.6465084354839,60.746812,0.0035191543568387
ED_BEN_TRE_BA_TRI_DISTRICT,2008,1,7,1,187953.0,528.657445287851,3.58138577741935,4.77513137419355,2.17168361677419,298.523631290323,301.251338709677,296.66521483871,81.6659340322581,91.6174838064516,67.0202255483871,0.0018066426170645
ED_BEN_TRE_BEN_TRE_CITY,2008,1,35,2,115308.0,1708.77296976882,2.12821234290323,3.03446856774194,1.08801316096774,298.672816774194,302.55092483871,295.962792903226,80.223914,94.5307084516129,59.9632623870968,0.0020311846979935
ED_BEN_TRE_BINH_DAI_DISTRICT,2008,1,13,1,131389.0,324.818294190359,3.51822684516129,4.67786820967742,2.07904378193548,298.570880967742,301.385752580645,296.675736774194,81.1231593870968,91.3601773548387,66.1511285806452,0.0018190342585612
ED_BEN_TRE_CHAU_THANH_DISTRICT,2008,1,20,2,157328.0,682.936146199592,1.86960821,2.79377276451613,0.839996477741936,298.844526774194,303.092307741935,295.85957483871,78.5397097419355,94.6329407741935,56.7947408387097,0.0020113266187548
ED_BEN_TRE_CHO_LACH_DISTRICT,2008,1,10,0,124534.0,659.637748521517,1.94926514193548,2.88859167741935,0.927794937419355,298.744496129032,302.934880967742,295.687174516129,79.2828275806452,94.9331079032258,57.7539946129032,0.0018898702715354
ED_BEN_TRE_GIONG_TROM_DISTRICT,2008,1,36,5,158912.0,508.681177976953,2.61885974516129,3.64811168064516,1.39709995580645,298.57789483871,301.994093548387,296.185329354839,81.1229382258065,93.6311406129032,63.1118453548387,0.0019010113047483
ED_BEN_TRE_MO_CAY_DISTRICT,2008,1,21,1,246571.0,1386.05895544077,2.1540411516129,3.10545708548387,1.09462654,298.66532983871,302.525655483871,295.924520806452,80.2894070483871,94.5721026612903,60.2629271935484,0.0039220489121419
ED_BEN_TRE_THANH_PHU_DISTRICT,2008,1,8,2,127757.0,288.058893824266,3.84052774516129,5.05572630967742,2.40643372612903,298.559916774194,301.210093548387,296.74877,81.5212510645161,91.346739483871,67.3740590645161,0.001849834716558
ED_CA_MAU_CA_MAU_CITY,2008,1,8,0,214377.0,856.466878862055,2.70565338483871,4.05670703548387,1.42661098451613,299.064239677419,303.349750322581,296.003927741935,77.4746978387097,93.7207983870968,55.4429594516129,0.0021337156570774
ED_CA_MAU_CAI_NUOC_DISTRICT,2008,1,1,1,137653.0,330.034657079527,2.90037882774194,4.2015025,1.66288079612903,298.987697096774,302.924418387097,296.276782903226,78.9050697419355,93.5912454193548,58.3216098709677,0.0024090166372387
ED_CA_MAU_DAM_DOI_DISTRICT,2008,1,16,7,188232.0,234.717875179251,3.59450874193548,4.93168818709677,2.33262207129032,298.883384193548,302.207842580645,296.616794193548,79.8186129032258,92.1201982258064,62.1947536451613,0.0023240848698516
ED_CA_MAU_NAM_CAN_DISTRICT,2008,1,20,4,66515.0,134.266297211464,4.05943570645161,5.38060917741935,2.75197148967742,298.863392580645,301.755204516129,296.883923548387,80.3840959354839,91.430988483871,65.0378793548387,0.0021442904339161
ED_CA_MAU_NGOC_HIEN_DISTRICT,2008,1,0,0,78332.0,106.8474465299,5.17650118387097,6.4994133,3.73297157064516,298.864386774194,300.820509677419,297.39929483871,80.6609886129032,88.6904454516129,70.4382130645161,0.0016131986895483
ED_CA_MAU_PHU_TAN_DISTRICT,2008,1,3,1,103639.0,224.385121676626,3.03659956451613,4.36331200322581,1.72731684967742,299.005159677419,302.738991612903,296.4482,79.1162786129032,93.3004701612903,59.403251516129,0.0023484868057871
ED_CA_MAU_THOI_BINH_DISTRICT,2008,1,4,1,137050.0,214.150663312343,2.52484153741935,3.74083388387097,1.35747831612903,299.198334193548,303.698296451613,295.811419354839,75.6936793548387,93.6529937741935,53.1466020322581,0.0018552863280129
ED_CA_MAU_TRAN_VAN_THOI_DISTRICT,2008,1,11,2,186262.0,267.059829878435,2.67644907741935,3.96996840322581,1.41793630870968,299.020102580645,303.136391612903,296.104815806452,78.2888905806452,94.0040892580645,56.7251956451613,0.0025391306531096
ED_CA_MAU_U_MINH_DISTRICT,2008,1,29,8,102968.0,170.816191108162,2.63502656129032,3.90770462903226,1.41970337580645,299.153226451613,303.247224516129,296.119588064516,77.0321638387097,93.4754631935484,55.4943553870968,0.0024163871820451
ED_CAN_THO_BINH_THUY_URBAN_DISTRICT,2008,1,10,2,103897.0,1469.9153819273,2.18476478387097,3.35256276129032,1.05968967193548,298.977633548387,303.065302258064,295.57003,76.3704431935484,93.7959288387097,56.2708130645161,0.0011304135393838
ED_CAN_THO_CAI_RANG_URBAN_DISTRICT,2008,1,6,1,82514.4149612024,1196.74563751762,2.29903873548387,3.45585216774194,1.18695726387097,298.852289677419,302.829535483871,295.584778387097,77.6223475483871,94.1054935806452,58.0898559032258,0.0012338173402322
ED_CAN_THO_CO_DO_DISTRICT,2008,1,7,2,185811.185902388,462.356622467706,2.14364976129032,3.34881339032258,0.972560632741935,299.123477580645,303.339685322581,295.511461451613,74.6049132741935,93.1929568709677,54.0052656290323,0.0022634289751741
ED_CAN_THO_NINH_KIEU_URBAN_DISTRICT,2008,1,26,4,221429.0,7566.44546653636,2.22143135483871,3.38435933548387,1.10728933774194,298.934304193548,302.981718387097,295.578811935484,76.8405806774194,93.8960532903226,56.9423560322581,0.0011724842846709
ED_CAN_THO_O_MON_URBAN_DISTRICT,2008,1,4,0,126445.009258827,1007.33250103029,2.12710230967742,3.30169266129032,1.00236170645161,299.069072258065,303.197052903226,295.630159677419,75.5009168387097,93.4472012580645,55.2017606451613,0.0010194033415096
ED_CAN_THO_PHONG_DIEN_DISTRICT,2008,1,2,0,99557.0,805.214153302642,2.22476036774194,3.42748003870968,1.08391466064516,298.90196516129,302.942542580645,295.449311290323,76.6243458064516,93.8850880967742,56.9341882903226,0.0012425161402967
ED_CAN_THO_THOT_NOT_URBAN_DISTRICT,2008,1,12,4,174156.041333396,1070.75126298452,2.11551476451613,3.29250280645161,0.940597734258064,299.2885,303.532189354839,295.61723483871,73.6566798709677,92.956303483871,52.8787553870968,0.0008528876610387
ED_CAN_THO_VINH_THANH_DISTRICT,2008,1,0,0,158748.69221193,386.835288957815,2.1300825516129,3.31507550322581,0.938513504709677,299.391236451613,303.657812258064,295.700623870968,72.6907161935484,92.1050269032258,51.8683425806452,0.0010705204491354
ED_DONG_THAP_CAO_LANH_CITY,2008,1,30,1,152318.784220005,1421.8126035658,2.09269385483871,3.26010109354839,0.891240932774194,299.690929032258,304.208132580645,295.675951935484,70.6748891935484,92.2292191612903,48.6829026774194,0.0006947731275225
ED_DONG_THAP_CAO_LANH_DISTRICT,2008,1,18,1,207999.0,424.314565483476,2.05702542580645,3.23244157419355,0.879044084516129,299.707400322581,304.355551935484,295.664743548387,70.653046516129,92.3351562580645,48.1627691935484,0.0008351344176516
ED_DONG_THAP_CHAU_THANH_DISTRICT,2008,1,18,3,153574.0,636.139767330598,2.07327875483871,3.20491313548387,0.958207060967742,299.041517096774,303.262537419355,295.644861935484,76.3291713870968,94.0024271935484,55.0601243548387,0.0011828802420258
ED_DONG_THAP_HONG_NGU_DISTRICT,2008,1,12,4,226307.0,1311.72323020378,2.07674119354839,3.31115686774194,0.850154576129032,300.079189516129,304.662437903226,295.624106612903,67.2161118387097,91.2438560322581,45.6488701451613,0.0018604960203096
ED_DONG_THAP_LAI_VUNG_DISTRICT,2008,1,18,2,170825.0,704.352533751815,2.07241848709677,3.23981379354839,0.928583619354839,299.212644193548,303.482259354839,295.603026774194,74.4482961612903,93.4287495483871,53.3846982580645,0.0009312104984451
ED_DONG_THAP_LAP_VO_DISTRICT,2008,1,36,2,183145.965900414,746.012081060748,2.0656958,3.2186441483871,0.910067276967742,299.476925806452,303.914352903226,295.640703548387,72.2143767419355,92.5588671612903,50.565185483871,0.0008114829871677
ED_DONG_THAP_SA_DEC_CITY,2008,1,13,2,104404.0,1745.88628762542,2.05544777096774,3.21248439354839,0.909761066774194,299.303079032258,303.687350967742,295.637928064516,73.922644,93.2689069032258,52.2914683225806,0.000969756319187
ED_DONG_THAP_TAM_NONG_DISTRICT,2008,1,15,1,101621.0,214.254691123761,2.09507737419355,3.3244875516129,0.872677480645161,300.153376774194,304.831805483871,295.691488064516,67.1074920967742,91.3125721935484,45.0261842903226,0.0007136590843403
ED_DONG_THAP_TAN_HONG_DISTRICT,2008,1,14,1,82219.0,264.259312827436,2.10394174516129,3.37078702903226,0.88763861483871,300.282221290323,304.985422258065,295.667438387097,65.8003206774194,90.6533819677419,43.9583847096774,0.0008531270476903
ED_DONG_THAP_THANH_BINH_DISTRICT,2008,1,7,2,163834.0,479.579649903401,2.11612953548387,3.31969195806452,0.875968001612903,299.788734193548,304.213289677419,295.616942258065,69.9295178387097,92.1906536774193,48.4196157741935,0.0006342441239419
ED_DONG_THAP_THAP_MUOI_DISTRICT,2008,1,40,0,129332.0,245.011934982761,2.04503489354839,3.2621412516129,0.87785783483871,299.936552580645,304.816923870968,295.668798064516,68.8157018387097,91.674459516129,45.7010648064516,0.0008156529056
ED_HAU_GIANG_CHAU_THANH_DISTRICT,2008,1,5,2,74410.0,578.976034858388,2.38420994516129,3.53825184193548,1.24305517012903,298.765148709677,302.643039032258,295.593613548387,78.2334409032258,94.0879064516129,59.0867801935484,0.0013249689564258
ED_HAU_GIANG_CHAU_THANH_A_DISTRICT,2008,1,4,0,95185.0,673.351726089417,2.2747434483871,3.47613501290323,1.11229421280645,298.957725483871,303.070098064516,295.420118064516,76.0415722258064,93.8402146774194,55.8349978387097,0.0013210367276193
ED_HAU_GIANG_LONG_MY_DISTRICT,2008,1,0,0,151178.0,832.662977972608,2.45276948548387,3.61573641612903,1.32923851467742,299.010174516129,303.230862903226,295.492896451613,75.8798184354839,93.5654522096774,55.0981046129032,0.002926937275
ED_HAU_GIANG_NGA_BAY_CITY,2008,1,15,2,272720.0,1222.39899893694,2.44562871290323,3.61280712580645,1.30103356822581,298.805408387097,302.774339677419,295.566728225806,77.726328483871,93.8753090806452,58.0858841612903,0.0027089582753419
ED_HAU_GIANG_VI_THANH_CITY,2008,1,0,0,73053.0,615.597876464144,2.33551643870968,3.531479,1.20596776903226,299.059898064516,303.319647096774,295.388524193548,75.1893157741935,93.6109271612903,54.3636489677419,0.0014379260005548
ED_HAU_GIANG_VI_THUY_DISTRICT,2008,1,2,1,100248.0,435.444357571019,2.37214863870968,3.54701477096774,1.22484205677419,298.982835806452,303.149299354839,295.477451290323,75.9874209032258,93.6320172580645,55.5179201935484,0.0013702480595225
ED_KIEN_GIANG_AN_MINH_DISTRICT,2008,1,25,3,393040.0,880.030094742498,2.6065133016129,3.8647377983871,1.3767218108871,299.377138548387,303.44847233871,296.048823870968,74.4166882177419,91.9502159112903,53.5191001854839,0.0058829041003193
ED_KIEN_GIANG_CHAU_THANH_DISTRICT,2008,1,12,3,147057.0,514.74001003879,2.49396607419355,3.73735384193548,1.26469113096774,299.467969354839,303.481865806452,295.984920967742,73.0115060967742,91.484430516129,52.7967505483871,0.0010981432371161
ED_KIEN_GIANG_GIONG_RIENG_DISTRICT,2008,1,3,1,210498.0,329.230967023882,2.24998247741935,3.46859711935484,1.12415227903226,299.217729677419,303.469638709677,295.520540967742,74.0306189354839,92.941101483871,53.0624520322581,0.0012460428292129
ED_KIEN_GIANG_GO_QUAO_DISTRICT,2008,1,2,0,136578.0,311.269733828346,2.31456701612903,3.50330069677419,1.20885250516129,299.239151290323,303.511887096774,295.564606774194,74.1969649032258,93.0343206129032,53.1260879354839,0.0012691264625935
ED_KIEN_GIANG_HA_TIEN_CITY,2008,1,0,0,44570.0,521.506741442878,2.62985945806452,4.13503509032258,1.27272484870968,299.7695,303.77381483871,296.322248387097,71.3087061612903,90.223219,50.5877040645161,0.0013640277958064
ED_KIEN_GIANG_HON_DAT_DISTRICT,2008,1,4,0,165574.0,159.271621920602,2.51868621290323,3.79413643225806,1.22544100645161,299.777833548387,303.867498387097,296.254636129032,71.0318450967742,90.221779516129,50.4763853548387,0.0011773909602903
ED_KIEN_GIANG_KIEN_HAI_DISTRICT,2008,1,18,0,21219.0,577.862624524099,3.06025866774194,4.43620167741935,1.62435525612903,299.572178064516,303.082316129032,296.669634193548,74.0530780967742,89.4626761290323,55.3823566129032,0.001383056322029
ED_KIEN_GIANG_KIEN_LUONG_DISTRICT,2008,1,16,1,101556.0,112.52390784022,2.65456002096774,4.04758153387097,1.34275977225806,299.884717258064,303.880957580645,296.497478064516,71.5361645322581,89.9862451935484,50.8384793225806,0.0028242586973709
ED_KIEN_GIANG_PHU_QUOC_CITY,2008,1,1,0,89605.0,154.260254893961,4.38174154516129,6.39178427419355,2.04781109451613,299.558141290323,301.104812903226,297.882113870968,73.2586336129032,82.8629629354839,64.6552131612903,0.0010564303764612
ED_KIEN_GIANG_RACH_GIA_CITY,2008,1,43,6,223935.0,2166.61248563235,2.60541234193548,3.86628286129032,1.29942989709677,299.562507096774,303.45673483871,296.15506516129,72.3049848709677,90.5705560967742,52.7764931935484,0.0011004268418516
ED_KIEN_GIANG_TAN_HIEP_DISTRICT,2008,1,18,1,141975.0,335.732747510529,2.25763076774194,3.46866375806452,1.07743522258065,299.464170645161,303.684303548387,295.803762258065,72.4218710967742,91.7182233870968,51.5583477741935,0.0011257868288516
ED_LONG_AN_BEN_LUC_DISTRICT,2008,1,19,3,135885.0,469.315338738711,1.92235740645161,3.32771357741935,0.762308270322581,299.815509032258,305.154482580645,295.679714193548,70.5085883870968,92.3475395483871,45.575933,0.0013690559412903
ED_LONG_AN_CAN_DUOC_DISTRICT,2008,1,5,3,167765.0,769.317191727427,2.05921711935484,3.32980396129032,0.825268476129032,299.034965806452,303.654650322581,295.711511935484,76.8620751612903,93.9519068709677,54.1423996451613,0.0021099842697419
ED_LONG_AN_CAN_GIUOC_DISTRICT,2008,1,20,2,169826.968927921,847.315657922047,1.9805537483871,3.3354235,0.717728044516129,299.155147741935,303.970205483871,295.665263225806,75.7177435806452,93.6577932580645,52.2223652580645,0.0021156037987322
ED_LONG_AN_CHAU_THANH_DISTRICT,2008,1,24,1,105321.0,699.42343936152,1.92713204193548,3.10732948387097,0.732622563709677,299.002791935484,303.578159354839,295.713691935484,77.038295,93.9508523548387,54.6557844193548,0.0020298741800774
ED_LONG_AN_DUC_HOA_DISTRICT,2008,1,26,0,206519.0,484.172645003985,1.95812085483871,3.52730995806452,0.761038395483871,300.257754193548,305.769054516129,295.73551,66.8717123548387,90.9055505483871,41.9379667419355,0.0009178974793451
ED_LONG_AN_DUC_HUE_DISTRICT,2008,1,5,0,68995.0,160.729719215116,1.99776283548387,3.51823278387097,0.790803497096774,300.302570322581,305.709735483871,295.715922580645,66.5620332580645,91.1164646774194,42.1401076774194,0.0006657001795645
ED_LONG_AN_MOC_HOA_TOWN,2008,1,10,0,52658.0,226.240940901407,2.06723367741936,3.43950808870968,0.846184657483871,300.30952,305.421593064516,295.722969193548,66.133437983871,90.5626583870968,42.8141143548387,0.0013067361030354
ED_LONG_AN_TAN_AN_CITY,2008,1,22,3,104673.251325396,1278.0807424742,1.86268885322581,3.00411300322581,0.722832828064516,299.202390967742,303.962088387097,295.779470645161,75.1331081612903,93.3191748064516,51.7014770645161,0.0018274346816
ED_LONG_AN_TAN_HUNG_DISTRICT,2008,1,11,0,44946.0,91.2124445636841,2.07675329032258,3.36012899032258,0.851531689354839,300.441551290323,305.425204516129,295.711284516129,64.9447971935484,90.4069608064516,42.3898289677419,0.0007648346719209
ED_LONG_AN_TAN_THANH_DISTRICT,2008,1,64,3,83939.0,196.670571696345,2.0229552516129,3.27151559677419,0.848310065483871,300.013532580645,305.025522258064,295.677274193548,68.3159221612903,91.3505972903226,44.8087102580645,0.0007801261646322
ED_LONG_AN_TAN_TRU_DISTRICT,2008,1,7,0,64690.0,607.417350971295,1.97906906129032,3.18014209354839,0.794879437096774,299.083510322581,303.71515483871,295.722130322581,76.3158541290323,93.7141790967742,53.5905264193548,0.001960259559
ED_LONG_AN_THANH_HOA_DISTRICT,2008,1,4,0,55753.0,119.065364539108,1.93412804516129,3.20142309354839,0.789676164064516,299.888080645161,305.079647419355,295.699051935484,69.6824974516129,91.8492802258065,45.255113516129,0.0010084297876
ED_LONG_AN_THU_THUA_DISTRICT,2008,1,2,1,88819.0,297.043577137888,1.89473383225806,3.20543963548387,0.757656360322581,299.726786129032,304.979443225806,295.640294516129,71.070282483871,92.5040462580645,46.3864545806452,0.0012814193574258
ED_LONG_AN_VINH_HUNG_DISTRICT,2008,1,2,0,45836.0,119.203162384271,2.08495829354839,3.40024012903226,0.85988926483871,300.589346451613,305.666656774194,295.753793225806,63.870348,89.9188421935484,41.2724680967742,0.0007642780760193
ED_SOC_TRANG_CU_LAO_DUNG_DISTRICT,2008,1,22,1,63750.0,243.84907444454,3.28875570967742,4.49990863870968,2.03555268387097,298.48401516129,301.540577419355,296.236544516129,81.3593046451613,92.7261721290323,65.6878998709677,0.0021163191590903
ED_SOC_TRANG_KE_SACH_DISTRICT,2008,1,19,1,156467.0,443.462857466769,2.45308611290323,3.59444419677419,1.29398726354839,298.645253548387,302.43882516129,295.677832580645,79.5698831290323,94.4083611290323,60.5741081290323,0.0015578325206903
ED_SOC_TRANG_LONG_PHU_DISTRICT,2008,1,61,10,397460.581196581,1185.78583992623,3.34242407741935,4.56791862365591,2.10670359763441,298.606996774194,301.80026344086,296.278651182796,80.4539161182796,92.3279211075269,63.9386205698925,0.0059751366002064
ED_SOC_TRANG_MY_TU_DISTRICT,2008,1,23,3,206779.803709309,326.561803603198,2.650296,3.84058796774194,1.48447723629032,298.688053709677,302.505439032258,295.711828387097,78.9388160322581,93.7859488387097,59.7316882096774,0.0033466816703225
ED_SOC_TRANG_NGA_NAM_TOWN,2008,1,6,1,79097.0,326.523147901607,2.59166015483871,3.76482619032258,1.45754732193548,298.913280322581,303.03701516129,295.61967483871,76.9058034193548,93.4164163870968,56.279571483871,0.0015790020167258
ED_SOC_TRANG_SOC_TRANG_CITY,2008,1,38,1,133526.0,1753.40961915742,2.90263022258065,4.12337328709677,1.70325916677419,298.537880967742,301.94396516129,296.015770322581,80.9020802903226,93.6249713225806,63.5061006774194,0.0020118824418645
ED_SOC_TRANG_THANH_TRI_DISTRICT,2008,1,12,0,88843.0,308.912112534232,2.88679599677419,4.09962624516129,1.7072047516129,298.813812580645,302.657188709677,295.931842258065,78.1091967096774,92.6686923225806,58.5649936451613,0.001837046138529
ED_SOC_TRANG_VINH_CHAU_TOWN,2008,1,12,3,161090.0,340.474944476524,4.19536428709677,5.44585163548387,2.90725559387097,298.622717419355,301.225289677419,296.782474516129,80.8059575483871,90.568991483871,66.9891674193548,0.0018658807648322
ED_TIEN_GIANG_CAI_BE_DISTRICT,2008,1,12,5,285826.5,679.087170980339,1.9946815483871,3.15093484193548,0.861917416451613,299.42822483871,304.049454516129,295.697628709677,73.2995472903226,93.1318488709677,50.3654048064516,0.0011095122837
ED_TIEN_GIANG_CAI_LAY_DISTRICT,2008,1,62,6,332218.0,761.618523613022,1.93090617903226,2.99736405806452,0.844430725967742,299.151062258064,303.66967016129,295.726461290323,75.6991584193548,93.9679402903226,52.8475606290323,0.0031443012282967
ED_TIEN_GIANG_CHAU_THANH_DISTRICT,2008,1,41,4,234669.0,945.845900380221,1.82416295935484,2.83329029032258,0.765721250967742,299.138103870968,303.711666451613,295.805291935484,75.7177022903226,93.7221520967742,52.8011439032258,0.0017420028296709
ED_TIEN_GIANG_CHO_GAO_DISTRICT,2008,1,52,4,193053.0,816.188221367268,1.96430078225806,2.98589536451613,0.830423564193548,298.897995806452,303.166065483871,295.873068709677,77.8490193548387,93.8839406451613,56.3121056129032,0.0019829877762967
ED_TIEN_GIANG_GO_CONG_TOWN,2008,1,2,1,99996.0,1039.68749902525,2.50743076774194,3.70496002580645,1.18497146096774,298.748539677419,302.651813548387,296.015445483871,79.2934667419355,93.437809,59.499496,0.0020831351006645
ED_TIEN_GIANG_GO_CONG_DONG_DISTRICT,2008,1,41,3,324700.0,1512.18367377604,2.5403799311828,3.65041757849462,1.24813780629032,298.674373225806,302.387661182796,296.063305913978,79.9546490967742,93.5279985483871,60.9253113225806,0.0060825927315612
ED_TIEN_GIANG_MY_THO_CITY,2008,1,48,3,192616.006913375,3964.28747367394,1.86107038709677,2.81447616774194,0.807649632258065,298.915318064516,303.268957096774,295.835497419355,77.8059187419355,94.3034805806452,55.7069434193548,0.0019839410657225
ED_TIEN_GIANG_TAN_PHUOC_DISTRICT,2008,1,3,1,56465.0,169.452613888722,1.88234348387097,3.03208406451613,0.759137202580645,299.499913225806,304.496423870968,295.669390645161,72.722351516129,93.0201330322581,48.3843217419355,0.0013757284074516
ED_TRA_VINH_CANG_LONG_DISTRICT,2008,1,0,0,143505.0,477.872446135495,2.3702813483871,3.45913793225806,1.24137766854839,298.58677516129,302.291834193548,295.880931935484,80.5416943225806,94.4629043548387,61.2428341612903,0.0017454181028645
ED_TRA_VINH_CAU_KE_DISTRICT,2008,1,2,2,109207.0,448.945026258723,2.52358620483871,3.65646528709677,1.35681144019355,298.586872258064,302.195173870968,295.863200322581,80.3113039032258,94.2873983548387,61.7287683225806,0.0016180840087354
ED_TRA_VINH_CAU_NGANG_DISTRICT,2008,1,8,0,130418.0,409.01336009534,4.19531868387097,5.41298159354839,2.79728966645161,298.527543870968,300.928282580645,296.834132258065,81.1179517419355,90.3308666451613,68.2353860645161,0.0020570405765354
ED_TRA_VINH_CHAU_THANH_DISTRICT,2008,1,3,1,135269.0,403.459944396265,3.20064383870968,4.36955008064516,1.91728391903226,298.529486774194,301.566101935484,296.364482258065,81.4320348709677,92.6084733870968,65.5119127419355,0.0019154480659483
ED_TRA_VINH_TIEU_CAN_DISTRICT,2008,1,9,3,116061.0,526.595426109398,2.98069106129032,4.15255787419355,1.76367467354839,298.544932903226,301.736919032258,296.235631612903,80.8105598064516,92.8043230322581,63.9408686451613,0.0019720258193483
ED_TRA_VINH_TRA_CU_DISTRICT,2008,1,17,3,261963.0,724.657403003811,4.45992610537634,5.73118303655914,3.03098398924731,298.534716451613,300.85234,296.884232043011,80.9604715268817,89.9759405053763,68.4894222043011,0.0063744564962193
ED_TRA_VINH_TRA_VINH_CITY,2008,1,10,0,98878.0,1453.44700867264,2.56789047741935,3.65559852903226,1.39829884419355,298.578930322581,302.095550967742,296.061658709677,80.9845149032258,93.8741601935484,62.6630109032258,0.0018880115807741
ED_VINH_LONG_BINH_MINH_TOWN,2008,1,2,0,182681.0,1563.84948114143,2.16279150483871,3.30707008548387,1.051514545,298.974921774194,303.083719193548,295.606453709677,76.6210226774193,93.8935610806452,56.2205297258065,0.0022772316446967
ED_VINH_LONG_LONG_HO_DISTRICT,2008,1,4,0,160355.0,831.328736585619,2.03644173225806,3.12769081935484,0.901316890967742,299.02008483871,303.306493548387,295.760439354839,76.8203127741936,94.2400838387097,54.8074221935484,0.0015152554533483
ED_VINH_LONG_MANG_THIT_DISTRICT,2008,1,7,0,104459.0,653.496429235929,2.02937686580645,3.04844602580645,0.936854857096774,298.822245483871,303.045138064516,295.661316451613,78.4926930645161,94.8786193870968,56.73065,0.001725321805329
ED_VINH_LONG_TAM_BINH_DISTRICT,2008,1,8,2,166239.0,593.736295838118,2.25020746129032,3.35963121612903,1.13211798806452,298.842174516129,302.875841935484,295.686892580645,77.861031516129,94.2594569677419,57.4010652903226,0.0012678154630451
ED_VINH_LONG_TRA_ON_DISTRICT,2008,1,0,0,153167.0,591.24141125608,2.38037546451613,3.49111008709677,1.25189929677419,298.685973225806,302.594693548387,295.644470322581,79.0751644193548,94.680854,59.1583602258065,0.0012550267488451
ED_VINH_LONG_VINH_LONG_CITY,2008,1,3,1,134991.0,2811.14119117035,2.03470771290323,3.14694651935484,0.901349500322581,299.098465483871,303.42482516129,295.683913225806,76.0357353225806,94.0610932580645,54.1050340967742,0.0013147697301871
ED_VINH_LONG_VUNG_LIEM_DISTRICT,2008,1,5,0,161367.0,548.905434254622,2.21962254741935,3.24915832903226,1.11346549483871,298.697793870968,302.684171612903,295.715863548387,79.3404745806452,94.7289183548387,58.7644995806452,0.0015492932743612
